	Epidermal	Gut	Muscle	Neoblast	Neuronal	Parenchymal	Secretory
Epidermal	0	23	38	21	56	27	3
Gut	23	0	25	86	18	52	2
Muscle	38	25	0	41	35	27	1
Neoblast	21	86	41	0	67	155	21
Neuronal	56	18	35	67	0	44	5
Parenchymal	27	52	27	155	44	0	11
Secretory	3	2	1	21	5	11	0
