	Epidermal	Gut	Muscle	Neoblast	Neuronal	Parenchymal	Secretory
Epidermal	0	6	79	13	90	21	1
Gut	6	0	72	85	12	14	2
Muscle	79	72	0	79	120	26	4
Neoblast	13	85	79	0	94	57	15
Neuronal	90	12	120	94	0	48	5
Parenchymal	21	14	26	57	48	0	4
Secretory	1	2	4	15	5	4	0
